0.0110967412654
0.0109016167334
0.010710264987
0.0105226130782
0.0103385894697
0.0101581240074
0.00998114789347
0.0098075936605
0.00963739514547
0.00947048746466
0.00930680698892
0.00914629131936
0.0089888792636
0.00883451081243
0.00868312711692
0.00853467046604
0.00838908426457
0.00824631301161
0.00810630227936
0.00796899869241
0.00783434990737
0.00770230459294
0.00757281241031
0.00744582399399
0.00732129093297
0.0071991657523
0.00707940189496
0.00696195370413
0.00684677640578
0.00673382609158
0.00662305970219
0.00651443501084
0.00640791060722
0.0063034458817
0.00620100100984
0.00610053693724
0.00600201536459
0.00590539873315
0.00581065021035
0.00571773367582
0.00562661370757
0.0055372555685
0.00544962519316
0.00536368917479
0.00527941475253
0.00519676979897
0.0051157228079
0.00503624288228
0.00495829972247
0.00488186361469
0.0048069054197
0.00473339656163
0.00466130901718
0.00459061530486
0.00452128847455
0.00445330209722
0.00438663025485
0.00432124753054
0.00425712899886
0.00419425021629
0.00413258721196
0.00407211647846
0.00401281496292
0.00395466005818
0.00389762959423
0.00384170182969
0.00378685544358
0.00373306952715
0.00368032357592
0.00362859748191
0.00357787152588
0.00352812636991
0.00347934304995
0.00343150296866
0.00338458788824
0.00333857992358
0.00329346153533
0.00324921552329
0.00320582501984
0.00316327348349
0.00312154469257
0.0030806227391
0.00304049202264
0.00300113724441
0.00296254340145
0.00292469578086
0.00288757995422
0.00285118177212
0.00281548735869
0.00278048310638
0.00274615567073
0.00271249196532
0.00267947915674
0.00264710465973
0.00261535613235
0.00258422147132
0.00255368880737
0.00252374650072
0.00249438313664
0.00246558752114
0.00243734867664
0.00240965583781
0.0023824984475
0.00235586615267
0.00232974880044
0.00230413643427
0.00227901929011
0.00225438779271
0.00223023255197
0.00220654435932
0.00218331418427
0.00216053317093
0.00213819263463
0.00211628405863
0.00209479909086
0.00207372954074
0.00205306737606
0.00203280471992
0.0020129338477
0.00199344718415
0.00197433730051
0.00195559691162
0.00193721887321
0.00191919617914
0.00190152195872
0.00188418947412
0.0018671921178
0.00185052340994
0.00183417699605
0.00181814664448
0.00180242624409
0.00178700980189
0.00177189144075
0.00175706539721
0.00174252601923
0.00172826776404
0.00171428519606
0.00170057298481
0.00168712590287
0.00167393882388
0.00166100672063
0.00164832466308
0.00163588781654
0.00162369143979
0.00161173088327
0.00160000158734
0.00158849908051
0.00157721897776
0.00156615697884
0.00155530886665
0.00154467050564
0.00153423784022
0.00152400689319
0.00151397376429
0.00150413462864
0.00149448573534
0.00148502340599
0.00147574403334
0.00146664407986
0.00145772007644
0.00144896862103
0.00144038637737
0.00143197007372
0.00142371650156
0.00141562251445
0.00140768502677
0.00139990101255
0.00139226750435
0.00138478159209
0.00137744042197
0.00137024119535
0.00136318116772
0.00135625764763
0.00134946799567
0.00134280962347
0.00133627999269
0.00132987661408
0.00132359704652
0.0013174388961
0.00131139981518
0.00130547750152
0.0012996696974
0.00129397418873
0.00128838880426
0.00128291141471
0.00127753993196
0.00127227230828
0.00126710653553
