0.1174
0.1176
0.1178
0.118
0.1182
0.1184
0.1186
0.1188
0.119
0.1192
0.1194
0.1196
0.1198
0.12
0.1202
0.1204
0.1206
0.1208
0.121
0.1212
0.1214
0.1216
0.1218
0.122
0.1222
0.1224
0.1226
0.1228
0.123
0.1232
0.1234
0.1236
0.1238
0.124
0.1242
0.1244
0.1246
0.1248
0.125
0.1252
0.1254
0.1256
0.1258
0.126
0.1262
0.1264
0.1266
0.1268
0.127
0.1272
0.1274
0.1276
0.1278
0.128
0.1282
0.1284
0.1286
0.1288
0.129
0.1292
0.1294
0.1296
0.1298
0.13
0.1302
0.1304
0.1306
0.1308
0.131
0.1312
0.1314
0.1316
0.1318
0.132
0.1322
0.1324
0.1326
0.1328
0.133
0.1332
0.1334
0.1336
0.1338
0.134
0.1342
0.1344
0.1346
0.1348
0.135
0.1352
0.1354
0.1356
0.1358
0.136
0.1362
0.1364
0.1366
0.1368
0.137
0.1372
0.1374
0.1376
0.1378
0.138
0.1382
0.1384
0.1386
0.1388
0.139
0.1392
0.1394
0.1396
0.1398
0.14
0.1402
0.1404
0.1406
0.1408
0.141
0.1412
0.1414
0.1416
0.1418
0.142
0.1422
0.1424
0.1426
0.1428
0.143
0.1432
0.1434
0.1436
0.1438
0.144
0.1442
0.1444
0.1446
0.1448
0.145
0.1452
0.1454
0.1456
0.1458
0.146
0.1462
0.1464
0.1466
0.1468
0.147
0.1472
0.1474
0.1476
0.1478
0.148
0.1482
0.1484
0.1486
0.1488
0.149
0.1492
0.1494
0.1496
0.1498
0.15
0.1502
0.1504
0.1506
0.1508
0.151
0.1512
0.1514
0.1516
0.1518
0.152
0.1522
0.1524
0.1526
0.1528
0.153
0.1532
0.1534
0.1536
0.1538
0.154
0.1542
0.1544
0.1546
0.1548
