0.0656355564745
0.0644942001333
0.0634034873838
0.0623611710984
0.0613651038576
0.060413233526
0.0595035990245
0.0586343262896
0.0578036244128
0.0570097819506
0.0562511633989
0.055526205823
0.0548334156379
0.0541713655311
0.0535386915218
0.0529340901513
0.0523563157969
0.051804178106
0.0512765395437
0.0507723130492
0.0502904597958
0.0498299870513
0.0493899461323
0.04896943045
0.048567573642
0.0481835477877
0.0478165617026
0.047465859308
0.0471307180736
0.0468104475288
0.04650438784
0.0462119084516
0.0459324067865
0.0456653070047
0.0454100588172
0.045166136352
0.0449330370709
0.0447102807338
0.0444974084098
0.0442939815312
0.0440995809904
0.0439138062759
0.0437362746477
0.0435666203483
0.0434044938497
0.0432495611327
0.0431015029989
0.0429600144135
0.0428248038764
0.0426955928216
0.0425721150436
0.042454116149
0.0423413530318
0.0422335933733
0.0421306151629
0.042032206241
0.0419381638619
0.0418482942759
0.0417624123303
0.0416803410877
0.0416019114621
0.0415269618696
0.0414553378963
0.0413868919799
0.0413214831053
0.0412589765148
0.0411992434299
0.0411421607863
0.0410876109802
0.041035481626
0.0409856653247
0.0409380594431
0.0408925659016
0.0408490909728
0.0408075450879
0.0407678426526
0.0407299018704
