0.0644
0.064
0.0656
0.0656
0.0612
0.0592
0.059
0.0582
0.0582
0.0562
0.0558
0.0558
0.0544
0.0534
0.053
0.0524
0.0526
0.052
0.0496
0.051
0.0508
0.0492
0.049
0.0486
0.049
0.0486
0.0486
0.048
0.0462
0.047
0.0464
0.046
0.0454
0.046
0.0456
0.0454
0.0456
0.0436
0.0454
0.0452
0.0442
0.0438
0.0442
0.044
0.0438
0.044
0.044
0.0434
0.0428
0.0428
0.0426
0.0434
0.0422
0.0424
0.0422
0.0424
0.0428
0.0414
0.0414
0.0408
0.0416
0.041
0.0412
0.0406
0.0418
0.0408
0.0414
0.041
0.0414
0.0398
0.0414
0.0412
0.0404
0.0414
0.0406
0.0402
0.0398
